0.00000000
15.62500000
0.00000000
46.87500000
15.62500000
15.62500000
15.62500000
15.62500000
15.62500000
15.62500000
15.62500000
109.37500000
46.87500000
31.25000000
93.75000000
140.62500000
0.00000000
0.00000000
15.62500000
15.62500000
0.00000000
0.00000000
0.00000000
0.00000000
0.00000000
0.00000000
0.00000000
0.00000000
0.00000000
0.00000000
0.00000000
0.00000000
0.00000000
0.00000000
0.00000000
0.00000000
0.00000000
0.00000000
0.00000000
0.00000000
0.00000000
0.00000000
0.00000000
0.00000000
15.62500000
0.00000000
0.00000000
0.00000000
0.00000000
0.00000000
0.00000000
0.00000000
0.00000000
0.00000000
0.00000000
0.00000000
15.62500000
0.00000000
0.00000000
0.00000000
0.00000000
15.62500000
0.00000000
0.00000000
0.00000000
0.00000000
0.00000000
0.00000000
0.00000000
0.00000000
0.00000000
0.00000000
0.00000000
0.00000000
0.00000000
0.00000000
0.00000000
0.00000000
0.00000000
0.00000000
15.62500000
0.00000000
0.00000000
0.00000000
0.00000000
15.62500000
0.00000000
15.62500000
0.00000000
0.00000000
15.62500000
15.62500000
15.62500000
0.00000000
0.00000000
0.00000000
15.62500000
0.00000000
0.00000000
0.00000000
0.00000000
0.00000000
0.00000000
0.00000000
0.00000000
0.00000000
15.62500000
0.00000000
0.00000000
0.00000000
15.62500000
0.00000000
0.00000000
0.00000000
0.00000000
0.00000000
0.00000000
15.62500000
0.00000000
0.00000000
0.00000000
0.00000000
0.00000000
0.00000000
0.00000000
15.62500000
0.00000000
0.00000000
0.00000000
0.00000000
0.00000000
0.00000000
0.00000000
0.00000000
0.00000000
0.00000000
15.62500000
0.00000000
0.00000000
0.00000000
0.00000000
0.00000000
0.00000000
0.00000000
15.62500000
0.00000000
0.00000000
0.00000000
0.00000000
15.62500000
0.00000000
0.00000000
0.00000000
0.00000000
0.00000000
0.00000000
0.00000000
0.00000000
15.62500000
